120,93,0,90,5,80,129,74,1,165,204,255,254,2,50,113

[49, 50, 48, 44, 57, 51, 44, 48, 44, 57, 48, 44, 53, 44, 56, 48, 44, 49, 50, 57, 44, 55, 52, 44, 49, 44, 49, 54, 53, 44, 50, 48, 52, 44, 50, 53, 53, 44, 50, 53, 52, 44, 50, 44, 53, 48, 44, 49, 49, 51, 10, 17, 31, 73, 47, 23]
[198, 202, 90, 235, 42, 186, 178, 154, 120, 55, 190, 133, 180, 255, 250, 191, 236, 29, 20, 182, 229, 24, 22, 245, 155, 113, 82, 231, 14, 51, 100, 121, 136, 94, 68, 59, 228, 200, 158, 61, 185, 79, 127, 91, 193, 203, 216, 157, 7, 187, 8, 77, 56, 179, 239, 213, 161, 219, 105, 162, 78, 41, 38, 124, 48, 107, 106, 233, 73, 232, 37, 85, 173, 109, 151, 142, 103, 97, 237, 163, 215, 75, 86, 234, 167, 222, 2, 166, 197, 80, 12, 212, 125, 76, 84, 16, 153, 66, 208, 243, 87, 174, 195, 140, 46, 148, 93, 189, 223, 147, 164, 74, 146, 39, 129, 57, 15, 126, 31, 28, 64, 141, 139, 238, 132, 247, 220, 104, 99, 246, 196, 35, 116, 112, 1, 214, 206, 3, 156, 149, 54, 23, 175, 117, 102, 160, 207, 251, 19, 131, 32, 135, 34, 47, 53, 244, 252, 118, 221, 176, 225, 95, 137, 144, 254, 11, 211, 248, 40, 50, 101, 165, 71, 25, 130, 9, 58, 0, 26, 108, 13, 72, 114, 181, 150, 199, 209, 43, 52, 224, 143, 134, 210, 119, 69, 172, 177, 115, 128, 17, 89, 159, 240, 205, 241, 171, 145, 92, 45, 63, 169, 18, 65, 122, 88, 60, 33, 4, 110, 183, 218, 98, 138, 83, 188, 10, 5, 152, 168, 111, 49, 204, 249, 30, 21, 44, 123, 227, 253, 192, 6, 217, 170, 67, 81, 62, 96, 242, 230, 226, 27, 194, 36, 70, 201, 184]
[127, 50, 187, 196, 152, 197, 182, 16, 158, 238, 118, 184, 115, 107, 106, 5]
7f
2
32
2
bb
2
c4
2
98
2
c5
2
b6
2
10
2
9e
2
ee
2
76
2
b8
2
73
2
6b
2
6a
2
5
1
7f32bbc498c5b6109eee76b8736b6a05
32
