16
Position of number 1:
 2 1
Number of steps:
 3
0   0   0   0  
0   0   0   0  
0   1   1   0  
0   0   0   0  

0   0   0   0  
0   0   2   0  
0   1   1   0  
0   0   0   0  

0   0   0   0  
0   4   2   0  
0   1   1   0  
0   0   0   0  

0   0   0   0  
5   4   2   0  
0   1   1   0  
0   0   0   0  

0   0   0   0  
5   4   2   0  
10  1   1   0  
0   0   0   0  

0   0   0   0  
5   4   2   0  
10  1   1   0  
11  0   0   0  

0   0   0   0  
5   4   2   0  
10  1   1   0  
11  23  0   0  

Highest first neighbour:
 23
